标题: 2010年市本级基本支出预算表(一般预算财政拨款)
发布时间: 2010-03-31 08:00
文号: 无
发布机构: 
栏目: 规划计划及资金使用与监管
原始链接: https://www.putian.gov.cn/zfxxgk/bmzfxxgk/ptwgj/zfxxgk/fdzdgknr/ggzjsyyjd/201003/t20100331_362514.htm
附件与图片链接:
  图片: https://www.putian.gov.cn/public/images/gh_logo.png
  图片: https://www.putian.gov.cn/images/pts_logo.png
  图片: https://www.putian.gov.cn/images/20201014-top-icon03.png
  图片: https://www.putian.gov.cn/images/20201014-banner.png
  图片: https://www.putian.gov.cn/images/20200907-dui-san.png
  图片: https://www.putian.gov.cn/images/20200907-dui-san.png
  图片: https://www.putian.gov.cn/zfxxgk/bmzfxxgk/ptwgj/images/20201014-xltp01.png
  图片: https://www.putian.gov.cn/zfxxgk/bmzfxxgk/ptwgj/images/20201014-xltp02.png
  图片: https://www.putian.gov.cn/zfxxgk/bmzfxxgk/ptwgj/images/20201014-xltp04.png
  图片: https://www.putian.gov.cn/zfxxgk/bmzfxxgk/ptwgj/images/20201014-xltp05.png
  图片: https://www.putian.gov.cn/images/20201014-ga.png
正文:
|
莆田市文化和旅游局
返回首页
政策
政府信息
公开指南
政府信息
公开制度
部门
文件
法定主动
公开内容
政府信息
公开年报
政府信息
公开申请
行政规范性文件
收起
全部
文旅综合
安全生产
公共文化服务
规划计划及资金使用与监管
机构人事
政策解读、政府应主动公开的其他信息
提案议案
规范性文件
收起
当前位置：
首页
>
政府信息公开
>
部门文件
>
规划计划及资金使用与监管
索 引 号
PT00122-1801-2010-00028
文号
无
发布机构
莆田市文化广电新闻出版局
生成日期
2010-03-31
标题
2010年市本级基本支出预算表(一般预算财政拨款)
有效性
有效
内容概述
2010年 预算表
索 引 号
PT00122-1801-2010-00028
文号
无
发布机构
莆田市文化广电新闻出版局
生成日期
2010-03-31
标题
2010年市本级基本支出预算表(一般预算财政拨款)
有效性
有效
内容概述
2010年 预算表
2010年市本级基本支出预算表(一般预算财政拨款)
发布时间：2010-03-31 08:00
|
2010年市本级基本支出预算表(一般预算财政拨款)
单位：万元（保留两位小数）
科目名称（单位）
总计
人  员  支  出
对  个  人  和  家  庭  补  助  的  支  出
公  用  支  出
合计
基本工资
津贴
中小学校基础性绩效工资
中小学校奖励性绩效工资
年终一个月奖金
失业保险
医疗保险
养老保险
其他人员支出
合计
离休人员个人支出
退休人员个人支出
退职费
遗属生活补助
住房公积金
助学金
其他补助支出
合计
在职人员综合定额
教育院校生均公用经费
离休人员公务费
退休人员公务费
其他公用支出
总额
公用经费（扣除工会经费、水电费后）
其中:工会 经费
莆田市文化广电新闻出版局本级
130.73
79.03
27.21
48.25
2.27
1.30
36.93
25.69
1.39
0.52
9.33
14.77
14.88
13.37
1.51
0.18
文化体育与传媒
130.73
79.03
27.21
48.25
2.27
1.30
36.93
25.69
1.39
0.52
9.33
14.77
14.88
13.37
1.51
0.18
文化
130.73
79.03
27.21
48.25
2.27
1.30
36.93
25.69
1.39
0.52
9.33
14.77
14.88
13.37
1.51
0.18
行政运行（文化）
129.34
79.03
27.21
48.25
2.27
1.30
35.54
25.69
0.52
9.33
14.77
14.88
13.37
1.51
0.18
艺术表演场所
1.39
莆田市艺术学校
45.42
25.05
11.82
11.26
0.98
0.23
0.76
16.21
12.93
0.39
2.89
4.16
4.06
3.60
0.46
0.15
教育
45.42
25.05
11.82
11.26
0.98
0.23
0.76
16.21
12.93
0.39
2.89
4.16
4.06
3.60
0.46
0.15
职业教育
45.42
25.05
11.82
11.26
0.98
0.23
0.76
16.21
12.93
0.39
2.89
4.16
4.06
3.60
0.46
0.15
中专教育
45.42
25.05
11.82
11.26
0.98
0.23
0.76
16.21
12.93
0.39
2.89
4.16
4.06
3.60
0.46
0.15
莆田市群众艺术馆
31.63
18.72
8.55
9.28
0.71
0.18
9.42
7.20
2.22
3.49
3.48
3.12
0.36
0.06
文化体育与传媒
31.63
18.72
8.55
9.28
0.71
0.18
9.42
7.20
2.22
3.49
3.48
3.12
0.36
0.06
文化
31.63
18.72
8.55
9.28
0.71
0.18
9.42
7.20
2.22
3.49
3.48
3.12
0.36
0.06
群众文化
31.63
18.72
8.55
9.28
0.71
0.18
9.42
7.20
2.22
3.49
3.48
3.12
0.36
0.06
莆田市艺术研究所
47.35
25.76
11.13
12.55
0.93
1.15
16.88
13.54
0.39
2.95
4.71
4.64
4.17
0.47
0.12
文化体育与传媒
47.35
25.76
11.13
12.55
0.93
1.15
16.88
13.54
0.39
2.95
4.71
4.64
4.17
0.47
0.12
文化
47.35
25.76
11.13
12.55
0.93
1.15
16.88
13.54
0.39
2.95
4.71
4.64
4.17
0.47
0.12
文化创作与保护
47.35
25.76
11.13
12.55
0.93
1.15
16.88
13.54
0.39
2.95
4.71
4.64
4.17
0.47
0.12
莆田市图书馆
76.67
51.78
23.49
24.76
1.96
0.48
1.09
16.18
9.76
0.39
6.03
8.71
8.70
7.74
0.96
0.15
文化体育与传媒
76.67
51.78
23.49
24.76
1.96
0.48
1.09
16.18
9.76
0.39
6.03
8.71
8.70
7.74
0.96
0.15
文化
76.67
51.78
23.49
24.76
1.96
0.48
1.09
16.18
9.76
0.39
6.03
8.71
8.70
7.74
0.96
0.15
图书馆
76.67
51.78
23.49
24.76
1.96
0.48
1.09
16.18
9.76
0.39
6.03
8.71
8.70
7.74
0.96
0.15
莆田市文化市场稽查队
43.35
34.52
9.09
19.32
0.76
4.76
0.59
4.82
0.52
3.50
0.80
4.01
4.06
3.49
0.57
文化体育与传媒
43.35
34.52
9.09
19.32
0.76
4.76
0.59
4.82
0.52
3.50
0.80
4.01
4.06
3.49
0.57
文化
43.35
34.52
9.09
19.32
0.76
4.76
0.59
4.82
0.52
3.50
0.80
4.01
4.06
3.49
0.57
文化市场管理
43.35
34.52
9.09
19.32
0.76
4.76
0.59
4.82
0.52
3.50
0.80
4.01
4.06
3.49
0.57
莆田市文物管理委员会办公室
14.66
8.93
2.70
5.22
0.22
0.79
4.59
3.61
0.98
1.14
1.16
1.00
0.16
0.03
文化体育与传媒
14.66
8.93
2.70
5.22
0.22
0.79
4.59
3.61
0.98
1.14
1.16
1.00
0.16
0.03
文物
14.66
8.93
2.70
5.22
0.22
0.79
4.59
3.61
0.98
1.14
1.16
1.00
0.16
0.03
文物保护
14.66
8.93
2.70
5.22
0.22
0.79
4.59
3.61
0.98
1.14
1.16
1.00
0.16
0.03
莆田市三清殿文物保护管理所
21.06
16.25
7.19
8.30
0.60
0.16
1.93
2.88
2.90
2.59
0.31
文化体育与传媒
21.06
16.25
7.19
8.30
0.60
0.16
1.93
2.88
2.90
2.59
0.31
文物
21.06
16.25
7.19
8.30
0.60
0.16
1.93
2.88
2.90
2.59
0.31
文物保护
21.06
16.25
7.19
8.30
0.60
0.16
1.93
2.88
2.90
2.59
0.31
莆田市博物馆
67.51
42.33
18.22
21.06
1.52
0.29
1.24
18.73
13.83
4.90
6.45
6.38
5.59
0.79
0.12
文化体育与传媒
67.51
42.33
18.22
21.06
1.52
0.29
1.24
18.73
13.83
4.90
6.45
6.38
5.59
0.79
0.12
文物
67.51
42.33
18.22
21.06
1.52
0.29
1.24
18.73
13.83
4.90
6.45
6.38
5.59
0.79
0.12
博物馆
67.51
42.33
18.22
21.06
1.52
0.29
1.24
18.73
13.83
4.90
6.45
6.38
5.59
0.79
0.12
文件下载
附件下载：
扫一扫在手机打开当前页
相关文章
联系我们
|
使用帮助
|
加入收藏
|
隐私保护
|
网站地图
版权所有 莆田市人民政府网
Copyright   2006www.putian.gov.cn
All Rights Reserved
主办：莆田市人民政府办公室
承办：莆田市数字莆田建设领导小组办公室
联系电话：0594-2221669
Email：putiangov@163.com
网站标识码：3503000001
闽ICP备05009235号
闽公网安备 35030002001007号